0 0.857178 0.602051 0.068359 0.088867
0 0.776245 0.838704 0.048584 0.066732
0 0.609009 0.769857 0.056885 0.075521
0 0.804443 0.944499 0.037109 0.049154
0 0.901611 0.938314 0.035156 0.047201
0 0.873779 0.878743 0.042480 0.055664
0 0.989746 0.811849 0.020020 0.061849
0 0.955811 0.550130 0.083984 0.105469
0 0.699585 0.442546 0.088135 0.116211
0 0.446899 0.254557 0.101807 0.138672
0 0.713623 0.898275 0.158203 0.126628
0 0.558228 0.682129 0.210205 0.231445
0 0.699707 0.442546 0.088867 0.116211
0 0.597290 0.027507 0.121826 0.055013
0 0.446899 0.254557 0.102295 0.139323
0 0.982056 0.871094 0.034912 0.053385
