0 0.566569 0.393677 0.045247 0.034424
0 0.385905 0.405273 0.040690 0.032227
0 0.374023 0.461304 0.033854 0.028564
0 0.239095 0.440186 0.037435 0.028809
0 0.287923 0.501099 0.028320 0.021240
0 0.665853 0.371338 0.055664 0.041504
0 0.097331 0.373291 0.050130 0.037598
0 0.296549 0.355713 0.053385 0.040039
0 0.682780 0.223755 0.068685 0.053955
0 0.512533 0.292725 0.062174 0.049805
0 0.174967 0.270386 0.071940 0.055420
0 0.353027 0.212402 0.088867 0.071289
0 0.639974 0.322388 0.199870 0.096924
0 0.683594 0.439087 0.091146 0.042725
0 0.220378 0.485352 0.080729 0.056641
0 0.095540 0.407715 0.045898 0.032715
