0 0.477783 0.359049 0.018555 0.044922
0 0.653564 0.464355 0.028809 0.103841
0 0.571167 0.393392 0.026611 0.071940
0 0.600708 0.413737 0.027588 0.052734
0 0.328369 0.458984 0.025391 0.087240
0 0.697510 0.465658 0.029297 0.096680
0 0.788574 0.470540 0.031738 0.104492
0 0.745239 0.461914 0.031006 0.100260
0 0.530640 0.357259 0.027588 0.066732
0 0.477905 0.359701 0.018799 0.046224
0 0.600708 0.414225 0.027588 0.053711
0 0.653687 0.464518 0.029053 0.104167
0 0.571045 0.393880 0.026855 0.072917
0 0.788696 0.471029 0.031982 0.105469
0 0.834717 0.467773 0.031738 0.106120
0 0.697266 0.466471 0.029785 0.097656
0 0.745361 0.461263 0.030762 0.099609
0 0.530640 0.357096 0.027588 0.066406
0 0.834839 0.467285 0.031494 0.105143
