0 0.992350 0.246582 0.013997 0.044434
0 0.296224 0.454712 0.039062 0.029541
0 0.821777 0.403198 0.048503 0.035400
0 0.627604 0.455566 0.031250 0.024414
0 0.526042 0.379883 0.050130 0.039062
0 0.881836 0.386719 0.044271 0.032715
0 0.675944 0.486450 0.028971 0.022705
0 0.407389 0.483521 0.030273 0.022217
0 0.950195 0.366333 0.097005 0.059326
0 0.547201 0.477661 0.027995 0.021240
0 0.179525 0.231689 0.079102 0.059570
0 0.906087 0.302612 0.059570 0.044189
0 0.366374 0.505005 0.100586 0.044678
0 0.767904 0.087280 0.105469 0.085205
0 0.296712 0.114380 0.099284 0.081299
0 0.391113 0.554443 0.059570 0.026855
0 0.693359 0.435303 0.043620 0.032227
0 0.259766 0.416138 0.151693 0.086670
0 0.571940 0.461304 0.033203 0.026611
0 0.746745 0.422729 0.036458 0.028564
0 0.468262 0.499634 0.025716 0.019287
0 0.464844 0.397461 0.042318 0.032715
0 0.772949 0.455566 0.033529 0.025391
0 0.750326 0.492798 0.101562 0.060791
0 0.423177 0.522461 0.023438 0.016602
0 0.363607 0.326782 0.060547 0.047119
0 0.658203 0.266724 0.067057 0.052002
