0 0.482690 0.430351 0.012561 0.029003
0 0.382659 0.499592 0.012868 0.058007
0 0.565104 0.467525 0.019301 0.036356
0 0.564951 0.467729 0.018995 0.036765
0 0.517004 0.429534 0.019301 0.042075
0 0.482537 0.429126 0.012255 0.025735
0 0.689645 0.503881 0.021446 0.069036
0 0.629442 0.508783 0.020527 0.078023
0 0.600184 0.501225 0.020221 0.069444
0 0.719669 0.500817 0.021446 0.068627
0 0.689645 0.485090 0.020833 0.031454
0 0.660846 0.498162 0.021446 0.064951
0 0.383119 0.481822 0.011949 0.023284
0 0.544730 0.454861 0.018995 0.048611
