0 0.508464 0.215576 0.097005 0.079102
0 0.254883 0.187134 0.091797 0.072510
0 0.558431 0.347534 0.065430 0.052002
0 0.971517 0.109497 0.054362 0.088623
0 0.891276 0.302246 0.077474 0.057129
0 0.595378 0.458862 0.045573 0.035400
0 0.829915 0.399536 0.055664 0.040283
0 0.886230 0.516968 0.040039 0.029053
0 0.514323 0.526001 0.115885 0.071533
0 0.729004 0.484619 0.043294 0.031738
0 0.468099 0.413452 0.052083 0.040771
0 0.674479 0.495972 0.037109 0.027100
0 0.987956 0.485840 0.022786 0.029297
0 0.393066 0.347534 0.226237 0.208252
0 0.680664 0.576294 0.024089 0.019775
0 0.937174 0.497925 0.034505 0.027100
0 0.532878 0.548584 0.031901 0.024414
0 0.625814 0.565918 0.026367 0.019531
0 0.828939 0.530762 0.030273 0.023438
0 0.782064 0.596802 0.021159 0.016846
0 0.805664 0.568481 0.024740 0.019287
0 0.970215 0.524170 0.032227 0.024414
0 0.775553 0.541138 0.031576 0.023193
0 0.639486 0.595581 0.021810 0.016357
0 0.754720 0.552490 0.026367 0.019531
0 0.696126 0.592285 0.019857 0.016113
0 0.881185 0.554565 0.029297 0.021729
0 0.825846 0.590454 0.020182 0.015869
