0 0.725694 0.237109 0.095833 0.055469
0 0.477778 0.295312 0.072222 0.042188
0 0.219444 0.165625 0.100000 0.057813
0 0.125000 0.410938 0.097222 0.037500
0 0.635417 0.392188 0.045833 0.026562
0 0.586806 0.416406 0.034722 0.021875
0 0.443750 0.332031 0.056944 0.034375
0 0.328472 0.106641 0.123611 0.074219
0 0.219444 0.407031 0.044444 0.025000
0 0.431250 0.371094 0.045833 0.026562
0 0.500694 0.417969 0.037500 0.021875
0 0.340278 0.406641 0.041667 0.022656
0 0.186111 0.457031 0.108333 0.034375
0 0.546528 0.369531 0.048611 0.028125
0 0.636111 0.455859 0.097222 0.041406
0 0.150694 0.334766 0.065278 0.035156
0 0.293750 0.369141 0.051389 0.028906
0 0.600000 0.291797 0.063889 0.038281
0 0.841667 0.233203 0.077778 0.047656
0 0.697917 0.347266 0.059722 0.033594
0 0.692361 0.425781 0.129167 0.050000
0 0.840278 0.359375 0.191667 0.092188
0 0.888889 0.295312 0.066667 0.037500
0 0.976389 0.176563 0.044444 0.060937
0 0.090972 0.363672 0.176389 0.050781
