0 0.802778 0.348828 0.058333 0.030469
0 0.781944 0.371094 0.166667 0.065625
0 0.159028 0.421875 0.126389 0.042188
0 0.704167 0.423047 0.122222 0.044531
0 0.463194 0.076953 0.126389 0.077344
0 0.591667 0.271484 0.072222 0.041406
0 0.669444 0.106250 0.105556 0.065625
0 0.055556 0.351953 0.111111 0.046094
0 0.020833 0.250781 0.041667 0.043750
0 0.232639 0.270703 0.073611 0.042969
0 0.323611 0.344922 0.052778 0.030469
0 0.157639 0.339844 0.056944 0.032813
0 0.532639 0.359375 0.051389 0.029687
0 0.433333 0.285547 0.063889 0.038281
0 0.712500 0.315625 0.063889 0.035937
0 0.644444 0.362500 0.047222 0.026562
0 0.434722 0.198437 0.086111 0.051562
0 0.934722 0.268750 0.066667 0.035937
0 0.011111 0.187109 0.022222 0.047656
0 0.815278 0.221094 0.086111 0.050000
0 0.939583 0.226562 0.118056 0.093750
