0 0.916667 0.158984 0.100000 0.058594
0 0.127083 0.366016 0.159722 0.053906
0 0.472917 0.099609 0.101389 0.063281
0 0.057639 0.206641 0.090278 0.052344
0 0.930556 0.270703 0.136111 0.080469
0 0.125000 0.037109 0.130556 0.074219
0 0.314583 0.228125 0.079167 0.045312
0 0.621528 0.251563 0.076389 0.045312
0 0.746528 0.039062 0.126389 0.078125
0 0.771528 0.269531 0.068056 0.040625
0 0.827083 0.370312 0.156944 0.056250
0 0.834028 0.327734 0.056944 0.032031
0 0.700694 0.423828 0.123611 0.063281
0 0.015972 0.247656 0.031944 0.048438
0 0.986806 0.239453 0.023611 0.049219
