0 0.677778 0.441406 0.108333 0.043750
0 0.786111 0.157422 0.113889 0.067969
0 0.747222 0.312500 0.066667 0.037500
0 0.462500 0.295703 0.063889 0.036719
0 0.531250 0.398438 0.040278 0.023438
0 0.624306 0.398047 0.037500 0.022656
0 0.678472 0.367969 0.051389 0.028125
0 0.452778 0.344922 0.050000 0.028906
0 0.225000 0.385156 0.047222 0.026562
0 0.200694 0.442969 0.112500 0.037500
0 0.127083 0.391406 0.104167 0.037500
0 0.285417 0.007031 0.106944 0.014063
0 0.579167 0.340625 0.055556 0.031250
0 0.357639 0.386328 0.043056 0.024219
0 0.494444 0.243359 0.083333 0.049219
0 0.921528 0.165625 0.093056 0.054688
0 0.083333 0.340234 0.166667 0.064844
0 0.738889 0.406641 0.138889 0.052344
0 0.175000 0.071094 0.119444 0.071875
0 0.963889 0.248438 0.069444 0.045312
0 0.900000 0.328516 0.197222 0.103906
0 0.299306 0.339844 0.056944 0.032813
0 0.637500 0.245312 0.075000 0.045312
0 0.128472 0.295703 0.073611 0.041406
